      -2	      -2	      -2	      -2
      -2	      -2	      -2	      -2
      -2	      -2	      -2	      -2
      -2	      -2	       2	      -2
      -2	       0	       0	      -2
      -2	       3	       3	      -2
      -2	       4	       3	      -2
       4	       3	       3	      -2
      -2	       6	       6	      -2
      -2	       7	       6	      -2
       7	       7	       6	      -2
      -2	       9	       9	      -2
      -2	      10	       9	      -2
      10	      10	      10	      -2
      -2	      12	      12	      -2
      -2	      13	      12	      -2
      13	      13	      13	      -2
      -2	      15	      15	      -2
      -2	      16	      15	      -2
      16	      16	      16	      -2
      -2	      18	      18	      -2
      -2	      19	      18	      -2
      19	      18	      18	      -2
      -2	      21	      21	      -2
      -2	      22	      21	      -2
      22	      22	      22	      -2
      -2	      24	      24	      -2
      -2	      25	      24	      -2
      25	      25	      25	      -2
      -2	      27	      27	      -2
      -2	      28	      27	      -2
      28	      28	      28	      -2
      -2	      30	      30	      -2
      -2	      31	      30	      -2
      31	      31	      31	      -2
      -2	      33	      33	      -2
      -2	      34	      33	      -2
      34	      34	      34	      -2
      -2	      36	      36	      -2
      -2	      37	      36	      -2
      37	      37	      37	      -2
      -2	      39	      39	      -2
      -2	      40	      39	      -2
      40	      40	      40	      -2
      -2	      42	      42	      -2
      -2	      43	      42	      -2
      43	      43	      43	      -2
      -2	      45	      45	      -2
      -2	      46	      45	      -2
      46	      45	      45	      -2
      -2	      48	      48	      -2
      -2	      49	      48	      -2
      49	      49	      49	      -2
      -2	      51	      51	      -2
      -2	      52	      51	      -2
      52	      52	      52	      -2
      -2	      54	      54	      -2
      -2	      55	      54	      -2
      55	      55	      55	      -2
      -2	      57	      57	      -2
      -2	      58	      57	      -2
      58	      58	      58	      -2
      -2	      60	      60	      -2
      -2	      61	      60	      -2
      61	      61	      61	      -2
      -2	      63	      63	      -2
      -2	      64	      63	      -2
      64	      64	      64	      -2
      -2	      66	      66	      -2
      -2	      67	      66	      -2
      67	      67	      67	      -2
      -2	      69	      69	      -2
      -2	      70	      69	      -2
      70	      70	      70	      -2
      -2	      72	      72	      -2
      -2	      73	      72	      -2
      73	      73	      73	      -2
      -2	      75	      75	      -2
      -2	      76	      75	      -2
      76	      76	      76	      -2
      -2	      78	      78	      -2
      -2	      79	      78	      -2
      79	      79	      79	      -2
      -2	      81	      81	      -2
      -2	      82	      81	      -2
      82	      82	      82	      -2
      -2	      84	      84	      -2
      -2	      85	      84	      -2
      85	      85	      85	      -2
      -2	      87	      87	      -2
      -2	      88	      87	      -2
      88	      88	      88	      -2
      -2	      90	      90	      -2
      -2	      91	      90	      -2
      91	      91	      91	      -2
      -2	      93	      93	      -2
      -2	      94	      93	      -2
      94	      94	      94	      -2
      -2	      96	      96	      -2
      -2	      97	      96	      -2
      97	      97	      97	      -2
      -2	      99	      99	      -2
      -2	     100	      99	      -2
     100	     100	     100	      -2
      -2	     102	     102	      -2
      -2	     103	     102	      -2
     103	     103	     103	      -2
      -2	     105	     105	      -2
      -2	     106	     105	      -2
     106	     106	     106	      -2
      -2	     108	     108	      -2
      -2	     109	     108	      -2
     109	     109	     109	      -2
      -2	     111	     111	      -2
      -2	     112	     111	      -2
     112	     112	     112	      -2
      -2	     114	     114	      -2
      -2	     115	     114	      -2
     115	     115	     115	      -2
      -2	     117	     117	      -2
      -2	     118	     117	      -2
     118	     118	     118	      -2
      -2	     120	     120	      -2
      -2	     121	     120	      -2
     121	     121	     121	      -2
      -2	     123	     123	      -2
      -2	     124	     123	      -2
     124	     124	     124	      -2
      -2	     126	     126	      -2
      -2	     127	     126	      -2
     127	     127	     127	      -2
      -2	     129	     129	      -2
      -2	     130	     129	      -2
     130	     130	     130	      -2
      -2	     132	     132	      -2
      -2	     133	     132	      -2
     133	     133	     133	      -2
      -2	     135	     135	      -2
      -2	     136	     135	      -2
     136	     136	     136	      -2
      -2	     138	     138	      -2
      -2	     139	     138	      -2
     139	     139	     139	      -2
      -2	     141	     141	      -2
      -2	     142	     141	      -2
     142	     142	     142	      -2
      -2	     144	     144	      -2
      -2	     145	     144	      -2
     145	     145	     145	      -2
      -2	     147	     147	      -2
      -2	     148	     147	      -2
     148	     147	     147	      -2
      -2	     150	     150	      -2
      -2	     151	     150	      -2
     151	     150	     150	      -2
      -2	     153	     153	      -2
      -2	     154	     153	      -2
     154	     153	     154	      -2
      -2	     156	     156	      -2
      -2	     157	     156	      -2
     157	     156	     156	      -2
      -2	     159	     159	      -2
      -2	     160	     159	      -2
     160	     160	     160	      -2
      -2	     162	     162	      -2
      -2	     163	     162	      -2
     163	     163	     163	      -2
      -2	     165	     165	      -2
      -2	     166	     165	      -2
     166	     165	     165	      -2
      -2	     168	     168	      -2
      -2	     169	     168	      -2
     169	     169	     169	      -2
      -2	     171	     171	      -2
      -2	     172	     171	      -2
     172	     172	     172	      -2
      -2	     174	     174	      -2
      -2	     175	     174	      -2
     175	     175	     175	      -2
      -2	     177	     177	      -2
      -2	     178	     177	      -2
     178	     178	     178	      -2
      -2	     180	     180	      -2
      -2	     181	     180	      -2
     181	     181	     181	      -2
      -2	     183	     183	      -2
      -2	     184	     183	      -2
     184	     184	     184	      -2
      -2	     186	     186	      -2
      -2	     187	     186	      -2
     187	     187	     187	      -2
      -2	     189	     189	      -2
      -2	     190	     189	      -2
     190	     190	     190	      -2
      -2	     192	     192	      -2
      -2	     193	     192	      -2
     193	     193	     193	      -2
      -2	     195	     195	      -2
      -2	     196	     196	      -2
     196	     196	     196	      -2
      -2	     198	     198	      -2
      -2	     199	     199	      -2
     199	     199	     199	      -2
      -2	     201	     201	      -2
      -2	     202	     201	      -2
     202	     202	     202	      -2
      -2	     204	     204	      -2
      -2	     205	     204	      -2
     205	     205	     205	      -2
      -2	     207	     207	      -2
      -2	     208	     207	      -2
     208	     208	     208	      -2
      -2	     210	     210	      -2
      -2	     211	     210	      -2
     211	     211	     211	      -2
      -2	     213	     213	      -2
      -2	     214	     213	      -2
     214	     214	     214	      -2
      -2	     216	     216	      -2
      -2	     217	     216	      -2
     217	     217	     217	      -2
      -2	     219	     219	      -2
      -2	     220	     219	      -2
     220	     220	     220	      -2
      -2	     222	     222	      -2
      -2	     223	     222	      -2
     223	     223	     223	      -2
      -2	     225	     225	      -2
      -2	     226	     225	      -2
     226	     226	     226	      -2
      -2	     228	     228	      -2
      -2	     229	     229	      -2
     229	     229	     228	      -2
      -2	     231	     231	      -2
      -2	     232	     231	      -2
     232	     232	     232	      -2
      -2	     234	     234	      -2
      -2	     235	     234	      -2
     235	     235	     235	      -2
      -2	     237	     237	      -2
      -2	     238	     237	      -2
     238	     238	     238	      -2
      -2	     240	     240	      -2
      -2	     241	     240	      -2
     241	     241	     241	      -2
      -2	     243	     243	      -2
      -2	     244	     243	      -2
     244	     244	     244	      -2
      -2	     246	     246	      -2
      -2	     247	     247	      -2
     247	     247	     247	      -2
      -2	     249	     249	      -2
      -2	     250	     249	      -2
     250	     250	     250	      -2
      -2	     252	     252	      -2
      -2	     253	     253	      -2
     253	     253	     253	      -2
      -2	     255	     255	      -2
      -2	     256	     255	      -2
     256	     256	     256	      -2
      -2	     258	     258	      -2
      -2	     259	     258	      -2
     259	     259	     259	      -2
      -2	     261	     261	      -2
      -2	     262	     261	      -2
     262	     262	     262	      -2
      -2	     264	     264	      -2
      -2	     265	     265	      -2
     265	     265	     265	      -2
      -2	     267	     267	      -2
      -2	     268	     267	      -2
     268	     268	     268	      -2
      -2	     270	     270	      -2
      -2	     271	     270	      -2
     271	     271	     271	      -2
      -2	     273	     273	      -2
      -2	     274	     273	      -2
     274	     274	     274	      -2
      -2	     276	     276	      -2
      -2	     277	     277	      -2
     277	     277	     277	      -2
      -2	     279	     279	      -2
      -2	     280	     279	      -2
     280	     280	     280	      -2
      -2	     282	     282	      -2
      -2	     283	     282	      -2
     283	     283	     283	      -2
      -2	     285	     285	      -2
      -2	     286	     286	      -2
     286	     286	     286	      -2
      -2	     288	     288	      -2
      -2	     289	     289	      -2
     289	     289	     289	      -2
      -2	     291	     291	      -2
      -2	     292	     292	      -2
     292	     292	     292	      -2
      -2	     294	     294	      -2
      -2	     295	     294	      -2
     295	     295	     295	      -2
      -2	     297	     297	      -2
      -2	     298	     297	      -2
     298	     298	     298	      -2
      -2	     300	     300	      -2
      -2	     301	     300	      -2
     301	     301	     301	      -2
      -2	     303	     303	      -2
      -2	     304	     304	      -2
     304	     304	     304	      -2
      -2	     306	     306	      -2
      -2	     307	     306	      -2
     307	     307	     307	      -2
      -2	     309	     309	      -2
      -2	     310	     309	      -2
     310	     310	     310	      -2
      -2	     312	     312	      -2
      -2	     313	     312	      -2
     313	     313	     313	      -2
      -2	     315	     315	      -2
      -2	     316	     316	      -2
     316	     316	     316	      -2
      -2	     318	     318	      -2
      -2	     319	     319	      -2
     319	     319	     319	      -2
      -2	     321	     321	      -2
      -2	     322	     321	      -2
     322	     322	     322	      -2
      -2	     324	     324	      -2
      -2	     325	     324	      -2
     325	     325	     325	      -2
      -2	     327	     327	      -2
      -2	     328	     327	      -2
     328	     328	     328	      -2
      -2	     330	     330	      -2
      -2	     331	     331	      -2
     331	     331	     331	      -2
      -2	     333	     333	      -2
      -2	     334	     334	      -2
     334	     334	     334	      -2
      -2	     336	     336	      -2
      -2	     337	     336	      -2
     337	     337	     337	      -2
      -2	     339	     339	      -2
      -2	     340	     339	      -2
     340	     340	     340	      -2
      -2	     342	     342	      -2
      -2	     343	     342	      -2
     343	     343	     343	      -2
      -2	     345	     345	      -2
      -2	     346	     346	      -2
     346	     346	     346	      -2
      -2	     348	     348	      -2
      -2	     349	     348	      -2
     349	     349	     349	      -2
      -2	     351	     351	      -2
      -2	     352	     351	      -2
     352	     352	     352	      -2
      -2	     354	     354	      -2
      -2	     355	     354	      -2
     355	     355	     355	      -2
      -2	     357	     357	      -2
      -2	     358	     358	      -2
     358	     358	     358	      -2
      -2	     360	     360	      -2
      -2	     361	     360	      -2
     361	     361	     361	      -2
      -2	     363	     363	      -2
      -2	     364	     364	      -2
     364	     364	     364	      -2
      -2	     366	     366	      -2
      -2	     367	     366	      -2
     367	     367	     367	      -2
      -2	     369	     369	      -2
      -2	     370	     370	      -2
     370	     370	     370	      -2
      -2	     372	     372	      -2
      -2	     373	     372	      -2
     373	     373	     373	      -2
      -2	     375	     375	      -2
      -2	     376	     375	      -2
     376	     376	     375	      -2
      -2	     378	     378	      -2
      -2	     379	     378	      -2
     379	     379	     379	      -2
      -2	     381	     381	      -2
      -2	     382	     381	      -2
     382	     382	     382	      -2
      -2	     384	     384	      -2
      -2	     385	     384	      -2
     385	     385	     385	      -2
      -2	     387	     387	      -2
      -2	     388	     387	      -2
     388	     388	     388	      -2
      -2	     390	     390	      -2
      -2	     391	     390	      -2
     391	     391	     391	      -2
      -2	     393	     393	      -2
      -2	     394	     393	      -2
     394	     394	     394	      -2
      -2	     396	     396	      -2
      -2	     397	     396	      -2
     397	     397	     397	      -2
      -2	     399	     399	      -2
      -2	     400	     399	      -2
     400	     400	     400	      -2
      -2	     402	     402	      -2
      -2	     403	     402	      -2
     403	     403	     403	      -2
      -2	     405	     405	      -2
      -2	     406	     405	      -2
     406	     406	     406	      -2
      -2	     408	     408	      -2
      -2	     409	     408	      -2
     409	     409	     409	      -2
      -2	     411	     411	      -2
      -2	     412	     411	      -2
     412	     412	     412	      -2
      -2	     414	     414	      -2
      -2	     415	     414	      -2
     415	     415	     415	      -2
      -2	     417	     417	      -2
      -2	     418	     417	      -2
     418	     418	     418	      -2
      -2	     420	     420	      -2
      -2	     421	     420	      -2
     421	     421	     421	      -2
      -2	     423	     423	      -2
      -2	     424	     423	      -2
     424	     424	     424	      -2
      -2	     426	     426	      -2
      -2	     427	     426	      -2
     427	     427	     427	      -2
      -2	     429	     429	      -2
      -2	     430	     429	      -2
     430	     430	     430	      -2
      -2	     432	     432	      -2
      -2	     433	     432	      -2
     433	     433	     433	      -2
      -2	     435	     435	      -2
      -2	     436	     435	      -2
     436	     436	     436	      -2
      -2	     438	     438	      -2
      -2	     439	     438	      -2
     439	     439	     439	      -2
      -2	     441	     441	      -2
      -2	     442	     441	      -2
     442	     442	     442	      -2
      -2	     444	     444	      -2
      -2	     445	     444	      -2
     445	     445	     445	      -2
      -2	     447	     447	      -2
      -2	      -2	      -2	     448
